-- -----------------------------------------------------------
-- File = WL_AT-04_18CrNiMo7-6(COB)_LN_190-3_lim_pit_perm_shot_peened_LN_523-1.dat
-- Erstellt am 30/10/2021 von Jürgen Hammele

-- Werte nach DNV Report ER-DE-ISO6336-04848-1 vom 02.05.2019
-- -----------------------------------------------------------

-- Data for significant no. of cycles (edge points for interpolation of Woehler line)
:TABLE FUNCTION EdgeCycle
	INPUT X number TREAT NEXT_BIGGER
DATA
	1	2	3	4	5	6	7	8	9	10	11	12	13	14	15	16	17	18	19	20	21	22	23	24	25	26	27	28	29	30	31	32	33	34	35	36	37	38	39	40	41	42	43	44	45	46	47	48	49	50	51	52	53	54	55	56	57	58	59	60	61	62	63	64	65	66	67	68	69	70	71	72	73	74	
	0e+00	1e+03	2e+03	3e+03	4e+03	5e+03	6e+03	7e+03	8e+03	9e+03	1e+04	2e+04	3e+04	4e+04	5e+04	6e+04	7e+04	8e+04	9e+04	1e+05	2e+05	3e+05	4e+05	5e+05	6e+05	7e+05	8e+05	9e+05	1e+06	2e+06	3e+06	4e+06	5e+06	6e+06	7e+06	8e+06	9e+06	1e+07	2e+07	3e+07	4e+07	5e+07	6e+07	7e+07	8e+07	9e+07	1e+08	2e+08	3e+08	4e+08	5e+08	6e+08	7e+08	8e+08	9e+08	1e+09	2e+09	3e+09	4e+09	5e+09	6e+09	7e+09	8e+09	9e+09	1e+10	2e+10	3e+10	4e+10	5e+10	6e+10	7e+10	8e+10	9e+10	1e+99	
END

-- Data for Hertzian pressure sigH
:TABLE FUNCTION FlankSigH
	INPUT X Cycles TREAT LOG
DATA
	0e+00	1e+03	2e+03	3e+03	4e+03	5e+03	6e+03	7e+03	8e+03	9e+03	1e+04	2e+04	3e+04	4e+04	5e+04	6e+04	7e+04	8e+04	9e+04	1e+05	2e+05	3e+05	4e+05	5e+05	6e+05	7e+05	8e+05	9e+05	1e+06	2e+06	3e+06	4e+06	5e+06	6e+06	7e+06	8e+06	9e+06	1e+07	2e+07	3e+07	4e+07	5e+07	6e+07	7e+07	8e+07	9e+07	1e+08	2e+08	3e+08	4e+08	5e+08	6e+08	7e+08	8e+08	9e+08	1e+09	2e+09	3e+09	4e+09	5e+09	6e+09	7e+09	8e+09	9e+09	1e+10	2e+10	3e+10	4e+10	5e+10	6e+10	7e+10	8e+10	9e+10	1e+99	
	2400.0	2400.0	2400.0	2400.0	2400.0	2400.0	2400.0	2400.0	2400.0	2400.0	2400.0	2400.0	2400.0	2400.0	2400.0	2400.0	2400.0	2400.0	2400.0	2400.0	2400.0	2400.0	2400.0	2400.0	2400.0	2382.5	2367.5	2354.3	2342.5	2266.7	2223.5	2193.3	2170.2	2151.5	2135.9	2122.4	2110.5	2100.0	2051.8	2024.2	2004.8	1989.9	1977.8	1967.6	1958.8	1951.1	1944.2	1899.6	1874.0	1856.1	1842.3	1831.0	1821.6	1813.5	1806.4	1800.0	1800.0	1800.0	1800.0	1800.0	1800.0	1800.0	1800.0	1800.0	1800.0	1800.0	1800.0	1800.0	1800.0	1800.0	1800.0	1800.0	1800.0	1800.0	
END

-- Data for fatigue strength tooth root sigF
:TABLE FUNCTION FootSigF
	INPUT X Cycles TREAT LOG
DATA
	0e+00	1e+03	2e+03	3e+03	4e+03	5e+03	6e+03	7e+03	8e+03	9e+03	1e+04	2e+04	3e+04	4e+04	5e+04	6e+04	7e+04	8e+04	9e+04	1e+05	2e+05	3e+05	4e+05	5e+05	6e+05	7e+05	8e+05	9e+05	1e+06	2e+06	3e+06	4e+06	5e+06	6e+06	7e+06	8e+06	9e+06	1e+07	2e+07	3e+07	4e+07	5e+07	6e+07	7e+07	8e+07	9e+07	1e+08	2e+08	3e+08	4e+08	5e+08	6e+08	7e+08	8e+08	9e+08	1e+09	2e+09	3e+09	4e+09	5e+09	6e+09	7e+09	8e+09	9e+09	1e+10	2e+10	3e+10	4e+10	5e+10	6e+10	7e+10	8e+10	9e+10	1e+99	
	1260.0	1260.0	1197.5	1162.4	1138.1	1119.6	1104.7	1092.3	1081.6	1072.3	1064.0	1011.2	981.6	961.1	945.5	932.9	922.4	913.4	905.5	898.5	854.0	828.9	811.6	798.4	787.8	778.9	771.3	764.7	758.8	721.2	700.0	700.0	700.0	700.0	700.0	700.0	700.0	700.0	700.0	700.0	700.0	700.0	700.0	700.0	700.0	700.0	700.0	700.0	700.0	700.0	700.0	700.0	700.0	700.0	700.0	700.0	700.0	700.0	700.0	700.0	700.0	700.0	700.0	700.0	700.0	700.0	700.0	700.0	700.0	700.0	700.0	700.0	700.0	700.0	
END

